7.227984598594636601e-05,6.377837266362532973e+06,2.598235466697477736e+06,6.858462919186609952e+01,4.091816960424919714e+00,3.376749331710556579e+00,5.195608864435370400e+00
7.225019659407258565e-05,6.343304261874428019e+06,2.584906209348725621e+06,7.338646895875355369e+01,4.028006866356112603e+00,3.376761833179473982e+00,5.195003998380263610e+00
7.226976848592801903e-05,6.510328732568429783e+06,2.655362520594382193e+06,7.003077415148118234e+01,3.849374474619843944e+00,3.376303608577071902e+00,5.188187420278227435e+00
7.226179976764543868e-05,6.484655741583223455e+06,2.642873495622267947e+06,6.466872667517796458e+01,3.632987870389708718e+00,3.373393936016392480e+00,5.191127920532779605e+00
7.224300561561167373e-05,6.503130437906019390e+06,2.650256299039941281e+06,6.587766550553978107e+01,3.748028215953218112e+00,3.374498500217839592e+00,5.192476208706306551e+00
7.224361229107045834e-05,6.505885078728675842e+06,2.651309117023419589e+06,6.569751428004703087e+01,3.691202499998420983e+00,3.375146249637255735e+00,5.191653873191332202e+00
7.234992898514745611e-05,6.515110047299392521e+06,2.658266103589663282e+06,7.765085970566970275e+01,3.834522738143787635e+00,3.375878661212732723e+00,5.192455656834462197e+00
7.236015273509843184e-05,6.586112625721850432e+06,2.686113230167130474e+06,7.266357185484407921e+01,3.687969360735939173e+00,3.373813446173449471e+00,5.193093468354240017e+00
7.203684861330507372e-05,6.558314723037112504e+06,2.665486086011562031e+06,7.465379290239482657e+01,3.663631689769654365e+00,3.375542070141724249e+00,5.190427167685339960e+00
7.199432661841425598e-05,6.560319934269844554e+06,2.665610079010565765e+06,7.329427827525708494e+01,3.651467304831629068e+00,3.373786620997737185e+00,5.189867765525255194e+00
7.199073664456828161e-05,6.560454602689489722e+06,2.665139351707937196e+06,7.317362940618227185e+01,3.652070966979485522e+00,3.372692986441627294e+00,5.189861965632988294e+00
7.198882133103015407e-05,6.560850442723177373e+06,2.665137757691331208e+06,7.281197565866581556e+01,3.651414997299164966e+00,3.372784735040917248e+00,5.189865218805196356e+00
7.202638952162559820e-05,6.601560956751045771e+06,2.683522808550425805e+06,7.212484592689790475e+01,3.682788751775005309e+00,3.377987684262134582e+00,5.192604884799999709e+00
7.220190991328935038e-05,6.615289448246810585e+06,2.694976496404896956e+06,7.249265375631046027e+01,3.673672369146492311e+00,3.377759313373631223e+00,5.191960895089255956e+00
7.218239167970163324e-05,6.619268498011968099e+06,2.695215612695213873e+06,7.249311929307917524e+01,3.672724521724596958e+00,3.377142257461192454e+00,5.191959496913479022e+00
7.218446510940519872e-05,6.618758741750041954e+06,2.696032524671152234e+06,7.249314658924728860e+01,3.672696129610418136e+00,3.376429046929143141e+00,5.191962417161438914e+00
7.218407767267707249e-05,6.618528854186508805e+06,2.695556264243730810e+06,7.249314308609190505e+01,3.672627960232221600e+00,3.375368480710231101e+00,5.191964254973775006e+00
7.218379490570049075e-05,6.618361077216676436e+06,2.695208721639405470e+06,7.249314052933583241e+01,3.672578208033736136e+00,3.374594643342380795e+00,5.191965596290104124e+00
7.218387878760595424e-05,6.618171356526594609e+06,2.695076956636582501e+06,7.249314115783805335e+01,3.672606079050891648e+00,3.374832920057042163e+00,5.191965629289971851e+00
7.218398195259724732e-05,6.618131583384104073e+06,2.695008989736016374e+06,7.249314251806700327e+01,3.672628156860871851e+00,3.375024599570846551e+00,5.191965432692731142e+00
7.219309941228824786e-05,6.670651464907932095e+06,2.716460580624222290e+06,7.249828519593903309e+01,3.671202343538097601e+00,3.375675688062524493e+00,5.191394105834904238e+00
7.214868847401537490e-05,6.886695363369201310e+06,2.803607829036789015e+06,6.943128096940337457e+01,3.803698120841934482e+00,3.375589730004545430e+00,5.189941910740803799e+00
7.216850025593329399e-05,7.006783897277623415e+06,2.854265670184674673e+06,7.311890977944726444e+01,3.867082977274283628e+00,3.374160045092331028e+00,5.190349856151880381e+00
7.218580525320225411e-05,6.999591019137877040e+06,2.850231111576825846e+06,7.446390458644681587e+01,3.708727140833169234e+00,3.372933285176658469e+00,5.192345512259940676e+00
7.218545508956943687e-05,7.001233037879819050e+06,2.851256274107657839e+06,7.378055056917898469e+01,3.712768061756307247e+00,3.373114131333589505e+00,5.192288006393217081e+00
7.217896645078247938e-05,6.994792550906944089e+06,2.848891232366403565e+06,7.394476001203111082e+01,3.880504153734471107e+00,3.373616712076420665e+00,5.190547561845196611e+00
7.215528356390440241e-05,7.002446256981579587e+06,2.850135477720443159e+06,7.531669386999297444e+01,3.810281857197991506e+00,3.373595534986152167e+00,5.191683867833461363e+00
7.217133502097959705e-05,7.151751571697320789e+06,2.911326906144860201e+06,7.530957712088911649e+01,3.715779178924361936e+00,3.372657010044610715e+00,5.192212745284177977e+00
7.216841885388684070e-05,7.154597886799397878e+06,2.912830123052539770e+06,7.515810128875698126e+01,3.720961690962394375e+00,3.372643114953488119e+00,5.192158168170878163e+00
7.216561872436855804e-05,7.166238859741755761e+06,2.917776187323849648e+06,7.503158723134745856e+01,3.715366510283376389e+00,3.372622606297778436e+00,5.192056986921587125e+00
7.216357513581689450e-05,7.174746906172310002e+06,2.921391342449014541e+06,7.493938618665625029e+01,3.711288214184108813e+00,3.372607638261531093e+00,5.191983141660002410e+00
7.216393776868107479e-05,7.183104454582259990e+06,2.924189363534913398e+06,7.484801676886372945e+01,3.712220165343339762e+00,3.372601722816324088e+00,5.191949122241545034e+00
7.214724537866009811e-05,7.295138396242094226e+06,2.969337855777104851e+06,6.028536719973509150e+01,3.705880559721907996e+00,3.372505079324733313e+00,5.191566810957121803e+00
7.214832314886841010e-05,7.332567786416316405e+06,2.983393454845384229e+06,6.017481290809859473e+01,3.706694240078271640e+00,3.372540652961010021e+00,5.191734018877165013e+00
7.215208921232950953e-05,7.332333450392342173e+06,2.984295196787312627e+06,5.950900783395042026e+01,3.700524357242406914e+00,3.372548664803469709e+00,5.191386052745034618e+00
7.214823602460605637e-05,7.468421894252202474e+06,3.039750902692342643e+06,5.853167196491966706e+01,4.037754673905912917e+00,3.372393837993583166e+00,5.191453159831858066e+00
7.217688113902096783e-05,8.885477453053144738e+06,3.612362957385687623e+06,5.837051198401257324e+01,3.109114949460951127e+00,3.377718927566933704e+00,5.207858791312971469e+00
7.220203185841432808e-05,9.392528269462507218e+06,3.820193592658040114e+06,6.288126054631231199e+01,3.387549539901877349e+00,3.377311701469152272e+00,5.205557476530947802e+00
7.177903785742977482e-05,8.796728347085962072e+06,3.560059103068780154e+06,6.359931042193844775e+01,3.995974247131913959e+00,3.371648953636193546e+00,5.192148609558114636e+00
7.179423648729553681e-05,8.791862031537422910e+06,3.559066124648342840e+06,6.237577792265238941e+01,4.007838379607639112e+00,3.371567650875511912e+00,5.192223623670790822e+00
7.182695086318487468e-05,8.791693248372549191e+06,3.564124718908782117e+06,6.319813013509791944e+01,4.001489408061567943e+00,3.371634339704154382e+00,5.192227577991846310e+00
7.183002145702475059e-05,8.791859471480021253e+06,3.563987801511626225e+06,6.335369691703013473e+01,4.002058392316655500e+00,3.371674038588635014e+00,5.192234914626377318e+00
7.208609363405243009e-05,8.797649737215863541e+06,3.575421016429882497e+06,6.297476691092126799e+01,3.972645721435864807e+00,3.375104431132960769e+00,5.192289012967220785e+00
7.189450221051269148e-05,8.800600109128875658e+06,3.569597406499427743e+06,6.294069397742028116e+01,3.987120131222778863e+00,3.376480796576287080e+00,5.192253200901599364e+00
7.190359045230585615e-05,8.800373405022649094e+06,3.570967623294381425e+06,6.276734204826981056e+01,3.990116825919064691e+00,3.377603736639962051e+00,5.192252808912450668e+00
7.192192870579590543e-05,8.799942615244381130e+06,3.571154838754805271e+06,6.255488870459013384e+01,3.988378004363651641e+00,3.375623144113558904e+00,5.192252860052841257e+00
7.191601654549988152e-05,8.855414442684009671e+06,3.593558433602674399e+06,6.204015687771391185e+01,3.924678658405504006e+00,3.376075998952320578e+00,5.192362894132972251e+00
7.191816133333538835e-05,1.012383402314779162e+07,4.105748785730231088e+06,6.140790389310475916e+01,3.841156891479856395e+00,3.374847157513106932e+00,5.192193010266660913e+00
7.190803927266621782e-05,1.050717627583247051e+07,4.260119891033370979e+06,6.190655735360318346e+01,3.792394811911055541e+00,3.372403170574542752e+00,5.192313458636986567e+00
7.216040418426370871e-05,1.225849743574250303e+07,4.986095314493907616e+06,6.326985977222181390e+01,3.816555569035280371e+00,3.371912578801410820e+00,5.192063398478842906e+00
7.215996304129388523e-05,1.226000961042986438e+07,4.987919104076625779e+06,6.326144785700003581e+01,3.816531871583245472e+00,3.371912708913010981e+00,5.192063318063439681e+00
7.215972818033074244e-05,1.225588006160569377e+07,4.986753494076396339e+06,6.326169784549533404e+01,3.816527116884102178e+00,3.371912756416961088e+00,5.192063190850239707e+00
7.215972558023373842e-05,1.225494175542481430e+07,4.988413391899008304e+06,6.326175694902156721e+01,3.816526837301005060e+00,3.371912766717199972e+00,5.192063190408069850e+00
7.215972286530275657e-05,1.226081097802832164e+07,4.989361947949769907e+06,6.326167555419034016e+01,3.816526817024670670e+00,3.371912764468639523e+00,5.192063189955770319e+00
7.215972197279309826e-05,1.226079479343584739e+07,4.989719990226243623e+06,6.326162961406784291e+01,3.816526826208092693e+00,3.371912759598618248e+00,5.192063189854475347e+00
7.215972198934710361e-05,1.225982170566691086e+07,4.989555507369950414e+06,6.326164767754363538e+01,3.816526847413088674e+00,3.371912762993853008e+00,5.192063189857910821e+00
7.215972199306686574e-05,1.225981208728358150e+07,4.989575059670895338e+06,6.326164305454561543e+01,3.816526846833345754e+00,3.371912762989196732e+00,5.192063189859138284e+00
7.215972199453831782e-05,1.225973182680259272e+07,4.989580958817336708e+06,6.326164280830924014e+01,3.816526842798870334e+00,3.371912763009818903e+00,5.192063189824716929e+00
7.221979463603047343e-05,1.227741496549340151e+07,5.001530172726102173e+06,6.494283650820914033e+01,3.568313588292813421e+00,3.371900994274130703e+00,5.188604950362448953e+00
7.199958902647852522e-05,1.254946566054294258e+07,5.097153474404186010e+06,6.141138628428015522e+01,3.466043638418948358e+00,3.376798087657929326e+00,5.194038053259657062e+00
